proxl = [0, 0, 0, 117, 3, 0, 1, 262, 264, 264, 280, 0, 0, 0, 0, 0, 0, 0, 0, 0, 0, 0, 0, 0, 0, 0, 0, 0, 4, 53, 52, 56, 57, 53, 65, 61, 62, 59, 64, 68, 65, 70, 66, 72, 71, 0, 0, 0, 0, 0, 0, 0, 0, 0, 0, 0, 0, 0, 0, 0, 1, 1, 0, 9, 16, 17, 5, 16, 52, 46, 45, 35, 41, 50, 48, 0, 19, 112, 132, 160, 176, 178, 209, 135, 0, 8, 27, 0, 0, 0, 0, 0, 0, 0, 0, 0, 0, 0, 0, 0, 0]
luxl = [0, 13.7767, 228.074, 2.311, 12.246, 15.5471, 64.2155, 1.00735, 1.0666, 1.30365, 1.00735, 157.956, 140.898, 260.532, 261.454, 19.4016, 14.9386, 8.47375, 8.77005, 9.1256, 13.4078, 76.7011, 76.7011, 76.5166, 76.5166, 79.6333, 29.0652, 17.4467, 7.58485, 5.39225, 5.57005, 5.45155, 5.45155, 5.096, 4.5034, 4.7997, 4.7997, 4.7997, 4.7997, 4.5034, 4.5034, 4.5034, 4.2071, 4.62195, 4.32565, 14.5697, 37.6222, 115.89, 139.81, 327.311, 326.757, 323.641, 312.391, 330.981, 328.657, 295.148, 285.669, 273.073, 179.552, 7.1701, 9.06635, 88.1351, 5.6294, 4.859, 3.4961, 3.4961, 4.74055, 3.19985, 3.08135, 2.7258, 2.37025, 3.08135, 3.3184, 2.6073, 2.54805, 197.57, 254.995, 341.334, 393.536, 452.939, 445.404, 431.44, 405.288, 332.924, 143.056, 6.8145, 6.3996, 7.58485, 8.88855, 8.8293, 9.3626, 8.35525, 8.35525, 8.296, 8.65155, 7.94045, 7.52565, 7.4664, 8.296, 8.35525, 8.296]
distance = []